50 36.0
49 35.0
48 35.0
47 35.0
46 35.0
45 36.0
44 35.0
43 34.0
42 34.0
41 32.6
40 32.0
39 32.0
38 32.88
37 33.0
36 33.0
35 33.0
34 33.0
33 33.0
32 33.0
31 32.12
30 32.0
29 32.0
28 32.0
27 31.0
26 31.0
25 31.0
24 31.0
23 31.96
22 32.0
21 32.0
20 32.0
19 32.0
18 31.0
17 31.0
16 31.0
15 31.0
14 31.0
13 31.0
12 31.0
11 31.0
10 31.0
9 31.0
8 30.04
7 29.84
6 29.84
5 29.84
4 29.84
3 29.84
2 29.84
1 30.08
0 30.0
-1 29.84
-2 29.84
-3 29.84
-4 29.84
-5 29.84
-6 29.84
-7 29.84
-8 29.84
-9 29.84
-10 29.84
-11 30.96
-12 31.0
-13 31.0
-14 31.0
-15 31.0
-16 31.0
-17 31.0
-18 31.0
-19 31.0
-20 31.0
-21 31.0
-22 31.0
-23 31.0
-24 31.0
-25 31.0
-26 31.0
-27 31.0
-28 31.0
-29 32.0
-30 32.0
-31 32.0
-32 32.0
-33 32.0
-34 32.0
-35 33.0
-36 33.0
-37 33.0
-38 33.0
-39 33.0
-40 33.0
-41 32.28
-42 32.08
-43 32.36
-44 33.0
-45 33.0
-46 34.0
-47 34.0
-48 34.0
-49 34.0
-50 34.0