50 0.0
49 0.0
48 0.0
47 0.0
46 0.0
45 0.0
44 0.0
43 0.0
42 0.0
41 0.0
40 0.0
39 0.0
38 0.0
37 0.0
36 0.0
35 0.0
34 0.0
33 0.0
32 0.0
31 0.0
30 13.0769230769231
29 84.76
28 83.2
27 83.0
26 83.0
25 83.0
24 82.0
23 82.0
22 82.0
21 82.0
20 82.0
19 82.0
18 81.16
17 81.04
16 81.0
15 81.0
14 81.0
13 81.0
12 81.0
11 81.0
10 81.0
9 81.0
8 81.0
7 81.0
6 81.0
5 80.96
4 80.8
3 81.0
2 80.96
1 81.0
0 80.0
-1 80.04
-2 80.0
-3 80.0
-4 80.08
-5 80.0
-6 80.0
-7 80.0
-8 80.0
-9 80.0
-10 80.0
-11 80.0
-12 80.0
-13 80.0
-14 80.0
-15 80.0
-16 80.0
-17 80.0
-18 80.6
-19 81.0
-20 81.0
-21 81.0
-22 81.0
-23 81.0
-24 81.0
-25 81.0
-26 81.0
-27 81.0
-28 81.0
-29 82.0
-30 81.24
-31 82.0
-32 82.0
-33 82.0
-34 82.0
-35 82.0
-36 82.52
-37 83.0
-38 83.0
-39 83.0
-40 83.48
-41 85.36
-42 85.0
-43 28.6666666666667
-44 0.0
-45 0.0
-46 0.0
-47 0.0
-48 0.0
-49 0.0
-50 0.0